Machine generated by MIIND_ROOT/build/apps/PerformanceGeom/ResponseData
0.015	0.001 5.56268e-309
0.01501	0.001 2.115e-09
0.01502	0.001 2.33184e-09
0.01503	0.001 2.57039e-09
0.01504	0.001 2.83276e-09
0.01505	0.001 3.12127e-09
0.01506	0.001 3.43847e-09
0.01507	0.001 3.78712e-09
0.01508	0.001 4.17027e-09
0.01509	0.001 4.59125e-09
0.0151	0.001 5.05369e-09
0.01511	0.001 5.56156e-09
0.01512	0.001 6.11923e-09
0.01513	0.001 6.73143e-09
0.01514	0.001 7.40336e-09
0.01515	0.001 8.1407e-09
0.01516	0.001 8.94963e-09
0.01517	0.001 9.83694e-09
0.01518	0.001 1.081e-08
0.01519	0.001 1.18769e-08
0.0152	0.001 1.30464e-08
0.01521	0.001 1.43281e-08
0.01522	0.001 1.57325e-08
0.01523	0.001 1.7271e-08
0.01524	0.001 1.89561e-08
0.01525	0.001 2.08014e-08
0.01526	0.001 2.28215e-08
0.01527	0.001 2.50328e-08
0.01528	0.001 2.74526e-08
0.01529	0.001 3.01002e-08
0.0153	0.001 3.29964e-08
0.01531	0.001 3.61638e-08
0.01532	0.001 3.96271e-08
0.01533	0.001 4.34131e-08
0.01534	0.001 4.75512e-08
0.01535	0.001 5.20729e-08
0.01536	0.001 5.70129e-08
0.01537	0.001 6.24088e-08
0.01538	0.001 6.83013e-08
0.01539	0.001 7.47347e-08
0.0154	0.001 8.17574e-08
0.01541	0.001 8.94216e-08
0.01542	0.001 9.77841e-08
0.01543	0.001 1.06907e-07
0.01544	0.001 1.16856e-07
0.01545	0.001 1.27706e-07
0.01546	0.001 1.39534e-07
0.01547	0.001 1.52426e-07
0.01548	0.001 1.66475e-07
0.01549	0.001 1.81781e-07
0.0155	0.001 1.98454e-07
0.01551	0.001 2.16611e-07
0.01552	0.001 2.36382e-07
0.01553	0.001 2.57903e-07
0.01554	0.001 2.81326e-07
0.01555	0.001 3.06813e-07
0.01556	0.001 3.3454e-07
0.01557	0.001 3.64698e-07
0.01558	0.001 3.97492e-07
0.01559	0.001 4.33146e-07
0.0156	0.001 4.71901e-07
0.01561	0.001 5.14017e-07
0.01562	0.001 5.59777e-07
0.01563	0.001 6.09484e-07
0.01564	0.001 6.63469e-07
0.01565	0.001 7.22086e-07
0.01566	0.001 7.8572e-07
0.01567	0.001 8.54785e-07
0.01568	0.001 9.29729e-07
0.01569	0.001 1.01104e-06
0.0157	0.001 1.09922e-06
0.01571	0.001 1.19486e-06
0.01572	0.001 1.29855e-06
0.01573	0.001 1.41094e-06
0.01574	0.001 1.53274e-06
0.01575	0.001 1.66472e-06
0.01576	0.001 1.80768e-06
0.01577	0.001 1.96252e-06
0.01578	0.001 2.13018e-06
0.01579	0.001 2.31168e-06
0.0158	0.001 2.50813e-06
0.01581	0.001 2.72071e-06
0.01582	0.001 2.9507e-06
0.01583	0.001 3.19947e-06
0.01584	0.001 3.46849e-06
0.01585	0.001 3.75935e-06
0.01586	0.001 4.07376e-06
0.01587	0.001 4.41355e-06
0.01588	0.001 4.78069e-06
0.01589	0.001 5.1773e-06
0.0159	0.001 5.60565e-06
0.01591	0.001 6.06818e-06
0.01592	0.001 6.56751e-06
0.01593	0.001 7.10646e-06
0.01594	0.001 7.68803e-06
0.01595	0.001 8.31547e-06
0.01596	0.001 8.99226e-06
0.01597	0.001 9.72211e-06
0.01598	0.001 1.0509e-05
0.01599	0.001 1.13572e-05
0.016	0.001 1.22714e-05
0.01601	0.001 1.32564e-05
0.01602	0.001 1.43174e-05
0.01603	0.001 1.54602e-05
0.01604	0.001 1.66907e-05
0.01605	0.001 1.80153e-05
0.01606	0.001 1.94411e-05
0.01607	0.001 2.09754e-05
0.01608	0.001 2.2626e-05
0.01609	0.001 2.44014e-05
0.0161	0.001 2.63106e-05
0.01611	0.001 2.83634e-05
0.01612	0.001 3.05699e-05
0.01613	0.001 3.29411e-05
0.01614	0.001 3.5489e-05
0.01615	0.001 3.82258e-05
0.01616	0.001 4.11652e-05
0.01617	0.001 4.43213e-05
0.01618	0.001 4.77095e-05
0.01619	0.001 5.13459e-05
0.0162	0.001 5.52479e-05
0.01621	0.001 5.94341e-05
0.01622	0.001 6.39241e-05
0.01623	0.001 6.87388e-05
0.01624	0.001 7.39008e-05
0.01625	0.001 7.94337e-05
0.01626	0.001 8.53631e-05
0.01627	0.001 9.17158e-05
0.01628	0.001 9.85206e-05
0.01629	0.001 0.000105808
0.0163	0.001 0.000113611
0.01631	0.001 0.000121964
0.01632	0.001 0.000130903
0.01633	0.001 0.000140468
0.01634	0.001 0.0001507
0.01635	0.001 0.000161643
0.01636	0.001 0.000173345
0.01637	0.001 0.000185855
0.01638	0.001 0.000199225
0.01639	0.001 0.000213513
0.0164	0.001 0.000228777
0.01641	0.001 0.000245081
0.01642	0.001 0.000262491
0.01643	0.001 0.000281079
0.01644	0.001 0.000300919
0.01645	0.001 0.000322093
0.01646	0.001 0.000344683
0.01647	0.001 0.000368779
0.01648	0.001 0.000394477
0.01649	0.001 0.000421877
0.0165	0.001 0.000451084
0.01651	0.001 0.000482211
0.01652	0.001 0.000515377
0.01653	0.001 0.000550707
0.01654	0.001 0.000588335
0.01655	0.001 0.0006284
0.01656	0.001 0.000671052
0.01657	0.001 0.000716446
0.01658	0.001 0.000764749
0.01659	0.001 0.000816135
0.0166	0.001 0.000870788
0.01661	0.001 0.000928904
0.01662	0.001 0.000990687
0.01663	0.001 0.00105636
0.01664	0.001 0.00112614
0.01665	0.001 0.00120027
0.01666	0.001 0.00127901
0.01667	0.001 0.00136263
0.01668	0.001 0.0014514
0.01669	0.001 0.00154563
0.0167	0.001 0.00164562
0.01671	0.001 0.0017517
0.01672	0.001 0.00186423
0.01673	0.001 0.00198355
0.01674	0.001 0.00211006
0.01675	0.001 0.00224416
0.01676	0.001 0.00238627
0.01677	0.001 0.00253683
0.01678	0.001 0.00269631
0.01679	0.001 0.0028652
0.0168	0.001 0.00304401
0.01681	0.001 0.00323329
0.01682	0.001 0.00343359
0.01683	0.001 0.00364551
0.01684	0.001 0.00386968
0.01685	0.001 0.00410674
0.01686	0.001 0.00435737
0.01687	0.001 0.00462231
0.01688	0.001 0.00490228
0.01689	0.001 0.00519809
0.0169	0.001 0.00551054
0.01691	0.001 0.00584051
0.01692	0.001 0.00618888
0.01693	0.001 0.0065566
0.01694	0.001 0.00694466
0.01695	0.001 0.00735407
0.01696	0.001 0.00778591
0.01697	0.001 0.00824131
0.01698	0.001 0.00872143
0.01699	0.001 0.0092275
0.017	0.001 0.00976078
0.01701	0.001 0.0103226
0.01702	0.001 0.0109144
0.01703	0.001 0.0115375
0.01704	0.001 0.0121935
0.01705	0.001 0.012884
0.01706	0.001 0.0136105
0.01707	0.001 0.0143749
0.01708	0.001 0.0151788
0.01709	0.001 0.016024
0.0171	0.001 0.0169126
0.01711	0.001 0.0178465
0.01712	0.001 0.0188277
0.01713	0.001 0.0198584
0.01714	0.001 0.0209409
0.01715	0.001 0.0220774
0.01716	0.001 0.0232703
0.01717	0.001 0.0245222
0.01718	0.001 0.0258356
0.01719	0.001 0.0272132
0.0172	0.001 0.0286578
0.01721	0.001 0.0301722
0.01722	0.001 0.0317594
0.01723	0.001 0.0334226
0.01724	0.001 0.0351647
0.01725	0.001 0.0369893
0.01726	0.001 0.0388996
0.01727	0.001 0.0408992
0.01728	0.001 0.0429918
0.01729	0.001 0.045181
0.0173	0.001 0.0474707
0.01731	0.001 0.0498649
0.01732	0.001 0.0523678
0.01733	0.001 0.0549835
0.01734	0.001 0.0577165
0.01735	0.001 0.0605713
0.01736	0.001 0.0635524
0.01737	0.001 0.0666646
0.01738	0.001 0.0699128
0.01739	0.001 0.0733021
0.0174	0.001 0.0768376
0.01741	0.001 0.0805247
0.01742	0.001 0.0843687
0.01743	0.001 0.0883753
0.01744	0.001 0.0925501
0.01745	0.001 0.0968991
0.01746	0.001 0.101428
0.01747	0.001 0.106144
0.01748	0.001 0.111052
0.01749	0.001 0.116159
0.0175	0.001 0.121472
0.01751	0.001 0.126997
0.01752	0.001 0.132741
0.01753	0.001 0.138712
0.01754	0.001 0.144915
0.01755	0.001 0.15136
0.01756	0.001 0.158052
0.01757	0.001 0.165
0.01758	0.001 0.172211
0.01759	0.001 0.179693
0.0176	0.001 0.187454
0.01761	0.001 0.195501
0.01762	0.001 0.203844
0.01763	0.001 0.21249
0.01764	0.001 0.221448
0.01765	0.001 0.230725
0.01766	0.001 0.240331
0.01767	0.001 0.250275
0.01768	0.001 0.260564
0.01769	0.001 0.271208
0.0177	0.001 0.282216
0.01771	0.001 0.293596
0.01772	0.001 0.305358
0.01773	0.001 0.317511
0.01774	0.001 0.330063
0.01775	0.001 0.343024
0.01776	0.001 0.356403
0.01777	0.001 0.370209
0.01778	0.001 0.384451
0.01779	0.001 0.399139
0.0178	0.001 0.414281
0.01781	0.001 0.429887
0.01782	0.001 0.445965
0.01783	0.001 0.462526
0.01784	0.001 0.479577
0.01785	0.001 0.497128
0.01786	0.001 0.515187
0.01787	0.001 0.533764
0.01788	0.001 0.552867
0.01789	0.001 0.572504
0.0179	0.001 0.592683
0.01791	0.001 0.613414
0.01792	0.001 0.634705
0.01793	0.001 0.656562
0.01794	0.001 0.678994
0.01795	0.001 0.702009
0.01796	0.001 0.725614
0.01797	0.001 0.749816
0.01798	0.001 0.774622
0.01799	0.001 0.800039
0.018	0.001 0.826073
0.01801	0.001 0.85273
0.01802	0.001 0.880017
0.01803	0.001 0.907939
0.01804	0.001 0.936501
0.01805	0.001 0.965709
0.01806	0.001 0.995568
0.01807	0.001 1.02608
0.01808	0.001 1.05725
0.01809	0.001 1.08909
0.0181	0.001 1.12159
0.01811	0.001 1.15476
0.01812	0.001 1.1886
0.01813	0.001 1.22311
0.01814	0.001 1.25831
0.01815	0.001 1.29418
0.01816	0.001 1.33072
0.01817	0.001 1.36795
0.01818	0.001 1.40586
0.01819	0.001 1.44445
0.0182	0.001 1.48372
0.01821	0.001 1.52366
0.01822	0.001 1.56429
0.01823	0.001 1.60559
0.01824	0.001 1.64757
0.01825	0.001 1.69021
0.01826	0.001 1.73353
0.01827	0.001 1.77751
0.01828	0.001 1.82216
0.01829	0.001 1.86746
0.0183	0.001 1.91342
0.01831	0.001 1.96002
0.01832	0.001 2.00727
0.01833	0.001 2.05516
0.01834	0.001 2.10368
0.01835	0.001 2.15283
0.01836	0.001 2.2026
0.01837	0.001 2.25298
0.01838	0.001 2.30397
0.01839	0.001 2.35555
0.0184	0.001 2.40773
0.01841	0.001 2.46049
0.01842	0.001 2.51382
0.01843	0.001 2.56772
0.01844	0.001 2.62217
0.01845	0.001 2.67717
0.01846	0.001 2.73271
0.01847	0.001 2.78877
0.01848	0.001 2.84536
0.01849	0.001 2.90245
0.0185	0.001 2.96004
0.01851	0.001 3.01811
0.01852	0.001 3.07666
0.01853	0.001 3.13568
0.01854	0.001 3.19515
0.01855	0.001 3.25506
0.01856	0.001 3.31541
0.01857	0.001 3.37617
0.01858	0.001 3.43735
0.01859	0.001 3.49892
0.0186	0.001 3.56088
0.01861	0.001 3.62321
0.01862	0.001 3.68591
0.01863	0.001 3.74895
0.01864	0.001 3.81234
0.01865	0.001 3.87605
0.01866	0.001 3.94008
0.01867	0.001 4.00441
0.01868	0.001 4.06903
0.01869	0.001 4.13394
0.0187	0.001 4.19911
0.01871	0.001 4.26454
0.01872	0.001 4.33022
0.01873	0.001 4.39613
0.01874	0.001 4.46227
0.01875	0.001 4.52861
0.01876	0.001 4.59516
0.01877	0.001 4.6619
0.01878	0.001 4.72881
0.01879	0.001 4.7959
0.0188	0.001 4.86314
0.01881	0.001 4.93053
0.01882	0.001 4.99805
0.01883	0.001 5.0657
0.01884	0.001 5.13347
0.01885	0.001 5.20134
0.01886	0.001 5.26931
0.01887	0.001 5.33737
0.01888	0.001 5.4055
0.01889	0.001 5.47371
0.0189	0.001 5.54197
0.01891	0.001 5.61028
0.01892	0.001 5.67863
0.01893	0.001 5.74701
0.01894	0.001 5.81542
0.01895	0.001 5.88384
0.01896	0.001 5.95227
0.01897	0.001 6.02071
0.01898	0.001 6.08913
0.01899	0.001 6.15754
0.019	0.001 6.22593
0.01901	0.001 6.29428
0.01902	0.001 6.3626
0.01903	0.001 6.43088
0.01904	0.001 6.49911
0.01905	0.001 6.56728
0.01906	0.001 6.63538
0.01907	0.001 6.70342
0.01908	0.001 6.77139
0.01909	0.001 6.83927
0.0191	0.001 6.90707
0.01911	0.001 6.97478
0.01912	0.001 7.04239
0.01913	0.001 7.1099
0.01914	0.001 7.17731
0.01915	0.001 7.2446
0.01916	0.001 7.31178
0.01917	0.001 7.37884
0.01918	0.001 7.44578
0.01919	0.001 7.51259
0.0192	0.001 7.57927
0.01921	0.001 7.64581
0.01922	0.001 7.71221
0.01923	0.001 7.77848
0.01924	0.001 7.84459
0.01925	0.001 7.91056
0.01926	0.001 7.97638
0.01927	0.001 8.04204
0.01928	0.001 8.10755
0.01929	0.001 8.17289
0.0193	0.001 8.23808
0.01931	0.001 8.3031
0.01932	0.001 8.36795
0.01933	0.001 8.43263
0.01934	0.001 8.49714
0.01935	0.001 8.56148
0.01936	0.001 8.62565
0.01937	0.001 8.68963
0.01938	0.001 8.75344
0.01939	0.001 8.81707
0.0194	0.001 8.88052
0.01941	0.001 8.94379
0.01942	0.001 9.00688
0.01943	0.001 9.06978
0.01944	0.001 9.13249
0.01945	0.001 9.19502
0.01946	0.001 9.25736
0.01947	0.001 9.31951
0.01948	0.001 9.38147
0.01949	0.001 9.44325
0.0195	0.001 9.50483
0.01951	0.001 9.56622
0.01952	0.001 9.62743
0.01953	0.001 9.68844
0.01954	0.001 9.74926
0.01955	0.001 9.80988
0.01956	0.001 9.87032
0.01957	0.001 9.93056
0.01958	0.001 9.99061
0.01959	0.001 10.0505
0.0196	0.001 10.1101
0.01961	0.001 10.1696
0.01962	0.001 10.2289
0.01963	0.001 10.288
0.01964	0.001 10.3469
0.01965	0.001 10.4056
0.01966	0.001 10.4641
0.01967	0.001 10.5224
0.01968	0.001 10.5806
0.01969	0.001 10.6385
0.0197	0.001 10.6963
0.01971	0.001 10.7538
0.01972	0.001 10.8112
0.01973	0.001 10.8684
0.01974	0.001 10.9254
0.01975	0.001 10.9822
0.01976	0.001 11.0388
0.01977	0.001 11.0953
0.01978	0.001 11.1515
0.01979	0.001 11.2076
0.0198	0.001 11.2635
0.01981	0.001 11.3192
0.01982	0.001 11.3747
0.01983	0.001 11.43
0.01984	0.001 11.4852
0.01985	0.001 11.5402
0.01986	0.001 11.595
0.01987	0.001 11.6496
0.01988	0.001 11.7041
0.01989	0.001 11.7583
0.0199	0.001 11.8124
0.01991	0.001 11.8663
0.01992	0.001 11.9201
0.01993	0.001 11.9737
0.01994	0.001 12.0271
0.01995	0.001 12.0803
0.01996	0.001 12.1333
0.01997	0.001 12.1862
0.01998	0.001 12.239
0.01999	0.001 12.2915
0.02	0.001 12.3439
0.02001	0.001 12.3961
0.02002	0.001 12.4482
0.02003	0.001 12.5001
0.02004	0.001 12.5518
0.02005	0.001 12.6034
0.02006	0.001 12.6548
0.02007	0.001 12.706
0.02008	0.001 12.7571
0.02009	0.001 12.8081
0.0201	0.001 12.8588
0.02011	0.001 12.9095
0.02012	0.001 12.9599
0.02013	0.001 13.0102
0.02014	0.001 13.0604
0.02015	0.001 13.1104
0.02016	0.001 13.1603
0.02017	0.001 13.21
0.02018	0.001 13.2595
0.02019	0.001 13.3089
0.0202	0.001 13.3582
0.02021	0.001 13.4073
0.02022	0.001 13.4563
0.02023	0.001 13.5051
0.02024	0.001 13.5538
0.02025	0.001 13.6024
0.02026	0.001 13.6508
0.02027	0.001 13.699
0.02028	0.001 13.7471
0.02029	0.001 13.7951
0.0203	0.001 13.843
0.02031	0.001 13.8907
0.02032	0.001 13.9383
0.02033	0.001 13.9857
0.02034	0.001 14.033
0.02035	0.001 14.0802
0.02036	0.001 14.1272
0.02037	0.001 14.1741
0.02038	0.001 14.2209
0.02039	0.001 14.2676
0.0204	0.001 14.3141
0.02041	0.001 14.3605
0.02042	0.001 14.4068
0.02043	0.001 14.4529
0.02044	0.001 14.4989
0.02045	0.001 14.5448
0.02046	0.001 14.5906
0.02047	0.001 14.6363
0.02048	0.001 14.6818
0.02049	0.001 14.7272
0.0205	0.001 14.7725
0.02051	0.001 14.8177
0.02052	0.001 14.8627
0.02053	0.001 14.9077
0.02054	0.001 14.9525
0.02055	0.001 14.9972
0.02056	0.001 15.0418
0.02057	0.001 15.0863
0.02058	0.001 15.1307
0.02059	0.001 15.1749
0.0206	0.001 15.219
0.02061	0.001 15.2631
0.02062	0.001 15.307
0.02063	0.001 15.3508
0.02064	0.001 15.3945
0.02065	0.001 15.4381
0.02066	0.001 15.4816
0.02067	0.001 15.525
0.02068	0.001 15.5683
0.02069	0.001 15.6115
0.0207	0.001 15.6545
0.02071	0.001 15.6975
0.02072	0.001 15.7404
0.02073	0.001 15.7831
0.02074	0.001 15.8258
0.02075	0.001 15.8684
0.02076	0.001 15.9108
0.02077	0.001 15.9532
0.02078	0.001 15.9955
0.02079	0.001 16.0376
0.0208	0.001 16.0797
0.02081	0.001 16.1217
0.02082	0.001 16.1636
0.02083	0.001 16.2054
0.02084	0.001 16.2471
0.02085	0.001 16.2887
0.02086	0.001 16.3302
0.02087	0.001 16.3716
0.02088	0.001 16.4129
0.02089	0.001 16.4541
0.0209	0.001 16.4953
0.02091	0.001 16.5363
0.02092	0.001 16.5773
0.02093	0.001 16.6182
0.02094	0.001 16.659
0.02095	0.001 16.6997
0.02096	0.001 16.7403
0.02097	0.001 16.7808
0.02098	0.001 16.8212
0.02099	0.001 16.8616
0.015	0.002 0.121736
0.01501	0.002 0.124484
0.01502	0.002 0.127286
0.01503	0.002 0.130143
0.01504	0.002 0.133056
0.01505	0.002 0.136027
0.01506	0.002 0.139056
0.01507	0.002 0.142143
0.01508	0.002 0.145291
0.01509	0.002 0.148499
0.0151	0.002 0.151769
0.01511	0.002 0.155102
0.01512	0.002 0.158498
0.01513	0.002 0.161959
0.01514	0.002 0.165485
0.01515	0.002 0.169079
0.01516	0.002 0.172739
0.01517	0.002 0.176469
0.01518	0.002 0.180268
0.01519	0.002 0.184138
0.0152	0.002 0.188079
0.01521	0.002 0.192093
0.01522	0.002 0.196181
0.01523	0.002 0.200344
0.01524	0.002 0.204583
0.01525	0.002 0.208898
0.01526	0.002 0.213292
0.01527	0.002 0.217765
0.01528	0.002 0.222318
0.01529	0.002 0.226952
0.0153	0.002 0.231669
0.01531	0.002 0.23647
0.01532	0.002 0.241355
0.01533	0.002 0.246326
0.01534	0.002 0.251384
0.01535	0.002 0.256531
0.01536	0.002 0.261766
0.01537	0.002 0.267092
0.01538	0.002 0.27251
0.01539	0.002 0.27802
0.0154	0.002 0.283624
0.01541	0.002 0.289324
0.01542	0.002 0.29512
0.01543	0.002 0.301013
0.01544	0.002 0.307005
0.01545	0.002 0.313097
0.01546	0.002 0.31929
0.01547	0.002 0.325586
0.01548	0.002 0.331985
0.01549	0.002 0.338489
0.0155	0.002 0.345099
0.01551	0.002 0.351816
0.01552	0.002 0.358641
0.01553	0.002 0.365576
0.01554	0.002 0.372623
0.01555	0.002 0.379781
0.01556	0.002 0.387053
0.01557	0.002 0.394439
0.01558	0.002 0.401942
0.01559	0.002 0.409561
0.0156	0.002 0.417299
0.01561	0.002 0.425156
0.01562	0.002 0.433135
0.01563	0.002 0.441235
0.01564	0.002 0.449459
0.01565	0.002 0.457808
0.01566	0.002 0.466282
0.01567	0.002 0.474883
0.01568	0.002 0.483613
0.01569	0.002 0.492473
0.0157	0.002 0.501463
0.01571	0.002 0.510585
0.01572	0.002 0.519841
0.01573	0.002 0.529231
0.01574	0.002 0.538757
0.01575	0.002 0.54842
0.01576	0.002 0.558221
0.01577	0.002 0.568161
0.01578	0.002 0.578242
0.01579	0.002 0.588465
0.0158	0.002 0.598831
0.01581	0.002 0.609341
0.01582	0.002 0.619997
0.01583	0.002 0.630799
0.01584	0.002 0.641749
0.01585	0.002 0.652848
0.01586	0.002 0.664097
0.01587	0.002 0.675497
0.01588	0.002 0.68705
0.01589	0.002 0.698756
0.0159	0.002 0.710617
0.01591	0.002 0.722634
0.01592	0.002 0.734807
0.01593	0.002 0.747139
0.01594	0.002 0.759629
0.01595	0.002 0.77228
0.01596	0.002 0.785091
0.01597	0.002 0.798065
0.01598	0.002 0.811203
0.01599	0.002 0.824504
0.016	0.002 0.837971
0.01601	0.002 0.851605
0.01602	0.002 0.865405
0.01603	0.002 0.879374
0.01604	0.002 0.893512
0.01605	0.002 0.907821
0.01606	0.002 0.9223
0.01607	0.002 0.936951
0.01608	0.002 0.951776
0.01609	0.002 0.966774
0.0161	0.002 0.981947
0.01611	0.002 0.997296
0.01612	0.002 1.01282
0.01613	0.002 1.02852
0.01614	0.002 1.0444
0.01615	0.002 1.06046
0.01616	0.002 1.0767
0.01617	0.002 1.09312
0.01618	0.002 1.10972
0.01619	0.002 1.1265
0.0162	0.002 1.14347
0.01621	0.002 1.16061
0.01622	0.002 1.17794
0.01623	0.002 1.19546
0.01624	0.002 1.21316
0.01625	0.002 1.23105
0.01626	0.002 1.24912
0.01627	0.002 1.26738
0.01628	0.002 1.28582
0.01629	0.002 1.30446
0.0163	0.002 1.32328
0.01631	0.002 1.34229
0.01632	0.002 1.36149
0.01633	0.002 1.38088
0.01634	0.002 1.40046
0.01635	0.002 1.42023
0.01636	0.002 1.44019
0.01637	0.002 1.46034
0.01638	0.002 1.48069
0.01639	0.002 1.50122
0.0164	0.002 1.52195
0.01641	0.002 1.54287
0.01642	0.002 1.56398
0.01643	0.002 1.58528
0.01644	0.002 1.60678
0.01645	0.002 1.62847
0.01646	0.002 1.65035
0.01647	0.002 1.67243
0.01648	0.002 1.6947
0.01649	0.002 1.71716
0.0165	0.002 1.73981
0.01651	0.002 1.76266
0.01652	0.002 1.7857
0.01653	0.002 1.80894
0.01654	0.002 1.83237
0.01655	0.002 1.85599
0.01656	0.002 1.8798
0.01657	0.002 1.90381
0.01658	0.002 1.92801
0.01659	0.002 1.9524
0.0166	0.002 1.97698
0.01661	0.002 2.00176
0.01662	0.002 2.02673
0.01663	0.002 2.05189
0.01664	0.002 2.07724
0.01665	0.002 2.10278
0.01666	0.002 2.12851
0.01667	0.002 2.15443
0.01668	0.002 2.18054
0.01669	0.002 2.20684
0.0167	0.002 2.23333
0.01671	0.002 2.26
0.01672	0.002 2.28687
0.01673	0.002 2.31392
0.01674	0.002 2.34116
0.01675	0.002 2.36858
0.01676	0.002 2.39619
0.01677	0.002 2.42399
0.01678	0.002 2.45197
0.01679	0.002 2.48013
0.0168	0.002 2.50847
0.01681	0.002 2.537
0.01682	0.002 2.56571
0.01683	0.002 2.5946
0.01684	0.002 2.62367
0.01685	0.002 2.65292
0.01686	0.002 2.68235
0.01687	0.002 2.71196
0.01688	0.002 2.74174
0.01689	0.002 2.7717
0.0169	0.002 2.80183
0.01691	0.002 2.83214
0.01692	0.002 2.86262
0.01693	0.002 2.89327
0.01694	0.002 2.9241
0.01695	0.002 2.9551
0.01696	0.002 2.98626
0.01697	0.002 3.01759
0.01698	0.002 3.0491
0.01699	0.002 3.08076
0.017	0.002 3.1126
0.01701	0.002 3.1446
0.01702	0.002 3.17676
0.01703	0.002 3.20908
0.01704	0.002 3.24156
0.01705	0.002 3.27421
0.01706	0.002 3.30701
0.01707	0.002 3.33997
0.01708	0.002 3.37309
0.01709	0.002 3.40636
0.0171	0.002 3.43979
0.01711	0.002 3.47337
0.01712	0.002 3.5071
0.01713	0.002 3.54099
0.01714	0.002 3.57502
0.01715	0.002 3.6092
0.01716	0.002 3.64353
0.01717	0.002 3.678
0.01718	0.002 3.71262
0.01719	0.002 3.74738
0.0172	0.002 3.78228
0.01721	0.002 3.81732
0.01722	0.002 3.8525
0.01723	0.002 3.88782
0.01724	0.002 3.92328
0.01725	0.002 3.95887
0.01726	0.002 3.9946
0.01727	0.002 4.03046
0.01728	0.002 4.06645
0.01729	0.002 4.10257
0.0173	0.002 4.13881
0.01731	0.002 4.17519
0.01732	0.002 4.21169
0.01733	0.002 4.24832
0.01734	0.002 4.28506
0.01735	0.002 4.32194
0.01736	0.002 4.35893
0.01737	0.002 4.39604
0.01738	0.002 4.43326
0.01739	0.002 4.47061
0.0174	0.002 4.50806
0.01741	0.002 4.54564
0.01742	0.002 4.58332
0.01743	0.002 4.62111
0.01744	0.002 4.65902
0.01745	0.002 4.69703
0.01746	0.002 4.73514
0.01747	0.002 4.77337
0.01748	0.002 4.81169
0.01749	0.002 4.85012
0.0175	0.002 4.88865
0.01751	0.002 4.92728
0.01752	0.002 4.966
0.01753	0.002 5.00483
0.01754	0.002 5.04375
0.01755	0.002 5.08276
0.01756	0.002 5.12186
0.01757	0.002 5.16106
0.01758	0.002 5.20034
0.01759	0.002 5.23972
0.0176	0.002 5.27918
0.01761	0.002 5.31872
0.01762	0.002 5.35835
0.01763	0.002 5.39807
0.01764	0.002 5.43786
0.01765	0.002 5.47773
0.01766	0.002 5.51769
0.01767	0.002 5.55772
0.01768	0.002 5.59783
0.01769	0.002 5.63801
0.0177	0.002 5.67826
0.01771	0.002 5.71859
0.01772	0.002 5.75899
0.01773	0.002 5.79945
0.01774	0.002 5.83999
0.01775	0.002 5.88059
0.01776	0.002 5.92126
0.01777	0.002 5.96199
0.01778	0.002 6.00279
0.01779	0.002 6.04364
0.0178	0.002 6.08456
0.01781	0.002 6.12554
0.01782	0.002 6.16657
0.01783	0.002 6.20766
0.01784	0.002 6.24881
0.01785	0.002 6.29001
0.01786	0.002 6.33126
0.01787	0.002 6.37257
0.01788	0.002 6.41393
0.01789	0.002 6.45533
0.0179	0.002 6.49678
0.01791	0.002 6.53829
0.01792	0.002 6.57983
0.01793	0.002 6.62142
0.01794	0.002 6.66306
0.01795	0.002 6.70474
0.01796	0.002 6.74646
0.01797	0.002 6.78821
0.01798	0.002 6.83001
0.01799	0.002 6.87185
0.018	0.002 6.91372
0.01801	0.002 6.95563
0.01802	0.002 6.99757
0.01803	0.002 7.03955
0.01804	0.002 7.08156
0.01805	0.002 7.1236
0.01806	0.002 7.16567
0.01807	0.002 7.20777
0.01808	0.002 7.2499
0.01809	0.002 7.29206
0.0181	0.002 7.33424
0.01811	0.002 7.37645
0.01812	0.002 7.41868
0.01813	0.002 7.46093
0.01814	0.002 7.50321
0.01815	0.002 7.54551
0.01816	0.002 7.58783
0.01817	0.002 7.63017
0.01818	0.002 7.67253
0.01819	0.002 7.71491
0.0182	0.002 7.7573
0.01821	0.002 7.79971
0.01822	0.002 7.84213
0.01823	0.002 7.88457
0.01824	0.002 7.92702
0.01825	0.002 7.96949
0.01826	0.002 8.01196
0.01827	0.002 8.05445
0.01828	0.002 8.09695
0.01829	0.002 8.13945
0.0183	0.002 8.18197
0.01831	0.002 8.22449
0.01832	0.002 8.26702
0.01833	0.002 8.30955
0.01834	0.002 8.35209
0.01835	0.002 8.39463
0.01836	0.002 8.43718
0.01837	0.002 8.47973
0.01838	0.002 8.52228
0.01839	0.002 8.56484
0.0184	0.002 8.60739
0.01841	0.002 8.64995
0.01842	0.002 8.6925
0.01843	0.002 8.73505
0.01844	0.002 8.7776
0.01845	0.002 8.82015
0.01846	0.002 8.8627
0.01847	0.002 8.90524
0.01848	0.002 8.94777
0.01849	0.002 8.9903
0.0185	0.002 9.03283
0.01851	0.002 9.07535
0.01852	0.002 9.11786
0.01853	0.002 9.16036
0.01854	0.002 9.20285
0.01855	0.002 9.24534
0.01856	0.002 9.28782
0.01857	0.002 9.33028
0.01858	0.002 9.37274
0.01859	0.002 9.41518
0.0186	0.002 9.45761
0.01861	0.002 9.50004
0.01862	0.002 9.54244
0.01863	0.002 9.58484
0.01864	0.002 9.62722
0.01865	0.002 9.66958
0.01866	0.002 9.71194
0.01867	0.002 9.75427
0.01868	0.002 9.79659
0.01869	0.002 9.8389
0.0187	0.002 9.88119
0.01871	0.002 9.92346
0.01872	0.002 9.96571
0.01873	0.002 10.0079
0.01874	0.002 10.0502
0.01875	0.002 10.0924
0.01876	0.002 10.1345
0.01877	0.002 10.1767
0.01878	0.002 10.2188
0.01879	0.002 10.261
0.0188	0.002 10.303
0.01881	0.002 10.3451
0.01882	0.002 10.3872
0.01883	0.002 10.4292
0.01884	0.002 10.4712
0.01885	0.002 10.5132
0.01886	0.002 10.5552
0.01887	0.002 10.5971
0.01888	0.002 10.639
0.01889	0.002 10.6809
0.0189	0.002 10.7228
0.01891	0.002 10.7646
0.01892	0.002 10.8065
0.01893	0.002 10.8482
0.01894	0.002 10.89
0.01895	0.002 10.9318
0.01896	0.002 10.9735
0.01897	0.002 11.0152
0.01898	0.002 11.0568
0.01899	0.002 11.0985
0.019	0.002 11.1401
0.01901	0.002 11.1816
0.01902	0.002 11.2232
0.01903	0.002 11.2647
0.01904	0.002 11.3062
0.01905	0.002 11.3477
0.01906	0.002 11.3891
0.01907	0.002 11.4305
0.01908	0.002 11.4719
0.01909	0.002 11.5133
0.0191	0.002 11.5546
0.01911	0.002 11.5959
0.01912	0.002 11.6371
0.01913	0.002 11.6784
0.01914	0.002 11.7196
0.01915	0.002 11.7607
0.01916	0.002 11.8019
0.01917	0.002 11.843
0.01918	0.002 11.8841
0.01919	0.002 11.9251
0.0192	0.002 11.9661
0.01921	0.002 12.0071
0.01922	0.002 12.0481
0.01923	0.002 12.089
0.01924	0.002 12.1299
0.01925	0.002 12.1707
0.01926	0.002 12.2115
0.01927	0.002 12.2523
0.01928	0.002 12.2931
0.01929	0.002 12.3338
0.0193	0.002 12.3745
0.01931	0.002 12.4152
0.01932	0.002 12.4558
0.01933	0.002 12.4964
0.01934	0.002 12.5369
0.01935	0.002 12.5774
0.01936	0.002 12.6179
0.01937	0.002 12.6584
0.01938	0.002 12.6988
0.01939	0.002 12.7392
0.0194	0.002 12.7796
0.01941	0.002 12.8199
0.01942	0.002 12.8602
0.01943	0.002 12.9004
0.01944	0.002 12.9406
0.01945	0.002 12.9808
0.01946	0.002 13.021
0.01947	0.002 13.0611
0.01948	0.002 13.1012
0.01949	0.002 13.1412
0.0195	0.002 13.1812
0.01951	0.002 13.2212
0.01952	0.002 13.2611
0.01953	0.002 13.301
0.01954	0.002 13.3409
0.01955	0.002 13.3807
0.01956	0.002 13.4206
0.01957	0.002 13.4603
0.01958	0.002 13.5
0.01959	0.002 13.5397
0.0196	0.002 13.5794
0.01961	0.002 13.619
0.01962	0.002 13.6586
0.01963	0.002 13.6982
0.01964	0.002 13.7377
0.01965	0.002 13.7772
0.01966	0.002 13.8166
0.01967	0.002 13.856
0.01968	0.002 13.8954
0.01969	0.002 13.9348
0.0197	0.002 13.9741
0.01971	0.002 14.0133
0.01972	0.002 14.0526
0.01973	0.002 14.0918
0.01974	0.002 14.1309
0.01975	0.002 14.1701
0.01976	0.002 14.2092
0.01977	0.002 14.2482
0.01978	0.002 14.2872
0.01979	0.002 14.3262
0.0198	0.002 14.3652
0.01981	0.002 14.4041
0.01982	0.002 14.443
0.01983	0.002 14.4818
0.01984	0.002 14.5206
0.01985	0.002 14.5594
0.01986	0.002 14.5982
0.01987	0.002 14.6369
0.01988	0.002 14.6755
0.01989	0.002 14.7142
0.0199	0.002 14.7528
0.01991	0.002 14.7913
0.01992	0.002 14.8299
0.01993	0.002 14.8684
0.01994	0.002 14.9068
0.01995	0.002 14.9452
0.01996	0.002 14.9836
0.01997	0.002 15.022
0.01998	0.002 15.0603
0.01999	0.002 15.0986
0.02	0.002 15.1368
0.02001	0.002 15.175
0.02002	0.002 15.2132
0.02003	0.002 15.2514
0.02004	0.002 15.2895
0.02005	0.002 15.3275
0.02006	0.002 15.3656
0.02007	0.002 15.4036
0.02008	0.002 15.4416
0.02009	0.002 15.4795
0.0201	0.002 15.5174
0.02011	0.002 15.5553
0.02012	0.002 15.5931
0.02013	0.002 15.6309
0.02014	0.002 15.6687
0.02015	0.002 15.7064
0.02016	0.002 15.7441
0.02017	0.002 15.7817
0.02018	0.002 15.8194
0.02019	0.002 15.857
0.0202	0.002 15.8945
0.02021	0.002 15.932
0.02022	0.002 15.9695
0.02023	0.002 16.007
0.02024	0.002 16.0444
0.02025	0.002 16.0818
0.02026	0.002 16.1191
0.02027	0.002 16.1565
0.02028	0.002 16.1938
0.02029	0.002 16.231
0.0203	0.002 16.2682
0.02031	0.002 16.3054
0.02032	0.002 16.3426
0.02033	0.002 16.3797
0.02034	0.002 16.4168
0.02035	0.002 16.4538
0.02036	0.002 16.4909
0.02037	0.002 16.5278
0.02038	0.002 16.5648
0.02039	0.002 16.6017
0.0204	0.002 16.6386
0.02041	0.002 16.6755
0.02042	0.002 16.7123
0.02043	0.002 16.7491
0.02044	0.002 16.7858
0.02045	0.002 16.8226
0.02046	0.002 16.8593
0.02047	0.002 16.8959
0.02048	0.002 16.9326
0.02049	0.002 16.9691
0.0205	0.002 17.0057
0.02051	0.002 17.0422
0.02052	0.002 17.0787
0.02053	0.002 17.1152
0.02054	0.002 17.1517
0.02055	0.002 17.1881
0.02056	0.002 17.2244
0.02057	0.002 17.2608
0.02058	0.002 17.2971
0.02059	0.002 17.3334
0.0206	0.002 17.3696
0.02061	0.002 17.4058
0.02062	0.002 17.442
0.02063	0.002 17.4782
0.02064	0.002 17.5143
0.02065	0.002 17.5504
0.02066	0.002 17.5864
0.02067	0.002 17.6225
0.02068	0.002 17.6585
0.02069	0.002 17.6944
0.0207	0.002 17.7304
0.02071	0.002 17.7663
0.02072	0.002 17.8021
0.02073	0.002 17.838
0.02074	0.002 17.8738
0.02075	0.002 17.9096
0.02076	0.002 17.9453
0.02077	0.002 17.9811
0.02078	0.002 18.0168
0.02079	0.002 18.0524
0.0208	0.002 18.0881
0.02081	0.002 18.1237
0.02082	0.002 18.1592
0.02083	0.002 18.1948
0.02084	0.002 18.2303
0.02085	0.002 18.2658
0.02086	0.002 18.3012
0.02087	0.002 18.3367
0.02088	0.002 18.3721
0.02089	0.002 18.4074
0.0209	0.002 18.4428
0.02091	0.002 18.4781
0.02092	0.002 18.5134
0.02093	0.002 18.5486
0.02094	0.002 18.5838
0.02095	0.002 18.619
0.02096	0.002 18.6542
0.02097	0.002 18.6893
0.02098	0.002 18.7244
0.02099	0.002 18.7595
0.015	0.005 8.13804
0.01501	0.005 8.16073
0.01502	0.005 8.18344
0.01503	0.005 8.20617
0.01504	0.005 8.22893
0.01505	0.005 8.25171
0.01506	0.005 8.27451
0.01507	0.005 8.29733
0.01508	0.005 8.32017
0.01509	0.005 8.34304
0.0151	0.005 8.36592
0.01511	0.005 8.38883
0.01512	0.005 8.41176
0.01513	0.005 8.43471
0.01514	0.005 8.45768
0.01515	0.005 8.48067
0.01516	0.005 8.50368
0.01517	0.005 8.52672
0.01518	0.005 8.54977
0.01519	0.005 8.57285
0.0152	0.005 8.59595
0.01521	0.005 8.61906
0.01522	0.005 8.6422
0.01523	0.005 8.66536
0.01524	0.005 8.68854
0.01525	0.005 8.71174
0.01526	0.005 8.73496
0.01527	0.005 8.7582
0.01528	0.005 8.78146
0.01529	0.005 8.80474
0.0153	0.005 8.82804
0.01531	0.005 8.85136
0.01532	0.005 8.8747
0.01533	0.005 8.89806
0.01534	0.005 8.92144
0.01535	0.005 8.94484
0.01536	0.005 8.96826
0.01537	0.005 8.99169
0.01538	0.005 9.01515
0.01539	0.005 9.03863
0.0154	0.005 9.06212
0.01541	0.005 9.08564
0.01542	0.005 9.10917
0.01543	0.005 9.13272
0.01544	0.005 9.1563
0.01545	0.005 9.17989
0.01546	0.005 9.2035
0.01547	0.005 9.22712
0.01548	0.005 9.25077
0.01549	0.005 9.27444
0.0155	0.005 9.29812
0.01551	0.005 9.32182
0.01552	0.005 9.34554
0.01553	0.005 9.36928
0.01554	0.005 9.39304
0.01555	0.005 9.41682
0.01556	0.005 9.44061
0.01557	0.005 9.46442
0.01558	0.005 9.48825
0.01559	0.005 9.5121
0.0156	0.005 9.53596
0.01561	0.005 9.55984
0.01562	0.005 9.58374
0.01563	0.005 9.60766
0.01564	0.005 9.6316
0.01565	0.005 9.65555
0.01566	0.005 9.67952
0.01567	0.005 9.70351
0.01568	0.005 9.72751
0.01569	0.005 9.75153
0.0157	0.005 9.77557
0.01571	0.005 9.79962
0.01572	0.005 9.8237
0.01573	0.005 9.84779
0.01574	0.005 9.87189
0.01575	0.005 9.89601
0.01576	0.005 9.92015
0.01577	0.005 9.94431
0.01578	0.005 9.96848
0.01579	0.005 9.99267
0.0158	0.005 10.0169
0.01581	0.005 10.0411
0.01582	0.005 10.0653
0.01583	0.005 10.0896
0.01584	0.005 10.1139
0.01585	0.005 10.1381
0.01586	0.005 10.1624
0.01587	0.005 10.1868
0.01588	0.005 10.2111
0.01589	0.005 10.2354
0.0159	0.005 10.2598
0.01591	0.005 10.2842
0.01592	0.005 10.3086
0.01593	0.005 10.333
0.01594	0.005 10.3574
0.01595	0.005 10.3819
0.01596	0.005 10.4063
0.01597	0.005 10.4308
0.01598	0.005 10.4553
0.01599	0.005 10.4798
0.016	0.005 10.5043
0.01601	0.005 10.5288
0.01602	0.005 10.5534
0.01603	0.005 10.5779
0.01604	0.005 10.6025
0.01605	0.005 10.6271
0.01606	0.005 10.6517
0.01607	0.005 10.6763
0.01608	0.005 10.701
0.01609	0.005 10.7256
0.0161	0.005 10.7503
0.01611	0.005 10.775
0.01612	0.005 10.7996
0.01613	0.005 10.8244
0.01614	0.005 10.8491
0.01615	0.005 10.8738
0.01616	0.005 10.8986
0.01617	0.005 10.9233
0.01618	0.005 10.9481
0.01619	0.005 10.9729
0.0162	0.005 10.9977
0.01621	0.005 11.0225
0.01622	0.005 11.0473
0.01623	0.005 11.0722
0.01624	0.005 11.097
0.01625	0.005 11.1219
0.01626	0.005 11.1468
0.01627	0.005 11.1717
0.01628	0.005 11.1966
0.01629	0.005 11.2215
0.0163	0.005 11.2465
0.01631	0.005 11.2714
0.01632	0.005 11.2964
0.01633	0.005 11.3213
0.01634	0.005 11.3463
0.01635	0.005 11.3713
0.01636	0.005 11.3963
0.01637	0.005 11.4214
0.01638	0.005 11.4464
0.01639	0.005 11.4715
0.0164	0.005 11.4965
0.01641	0.005 11.5216
0.01642	0.005 11.5467
0.01643	0.005 11.5718
0.01644	0.005 11.5969
0.01645	0.005 11.622
0.01646	0.005 11.6472
0.01647	0.005 11.6723
0.01648	0.005 11.6975
0.01649	0.005 11.7226
0.0165	0.005 11.7478
0.01651	0.005 11.773
0.01652	0.005 11.7982
0.01653	0.005 11.8235
0.01654	0.005 11.8487
0.01655	0.005 11.8739
0.01656	0.005 11.8992
0.01657	0.005 11.9245
0.01658	0.005 11.9497
0.01659	0.005 11.975
0.0166	0.005 12.0003
0.01661	0.005 12.0256
0.01662	0.005 12.051
0.01663	0.005 12.0763
0.01664	0.005 12.1016
0.01665	0.005 12.127
0.01666	0.005 12.1524
0.01667	0.005 12.1777
0.01668	0.005 12.2031
0.01669	0.005 12.2285
0.0167	0.005 12.2539
0.01671	0.005 12.2794
0.01672	0.005 12.3048
0.01673	0.005 12.3302
0.01674	0.005 12.3557
0.01675	0.005 12.3812
0.01676	0.005 12.4066
0.01677	0.005 12.4321
0.01678	0.005 12.4576
0.01679	0.005 12.4831
0.0168	0.005 12.5086
0.01681	0.005 12.5341
0.01682	0.005 12.5597
0.01683	0.005 12.5852
0.01684	0.005 12.6108
0.01685	0.005 12.6364
0.01686	0.005 12.6619
0.01687	0.005 12.6875
0.01688	0.005 12.7131
0.01689	0.005 12.7387
0.0169	0.005 12.7643
0.01691	0.005 12.7899
0.01692	0.005 12.8156
0.01693	0.005 12.8412
0.01694	0.005 12.8669
0.01695	0.005 12.8925
0.01696	0.005 12.9182
0.01697	0.005 12.9439
0.01698	0.005 12.9696
0.01699	0.005 12.9953
0.017	0.005 13.021
0.01701	0.005 13.0467
0.01702	0.005 13.0724
0.01703	0.005 13.0982
0.01704	0.005 13.1239
0.01705	0.005 13.1497
0.01706	0.005 13.1754
0.01707	0.005 13.2012
0.01708	0.005 13.227
0.01709	0.005 13.2528
0.0171	0.005 13.2786
0.01711	0.005 13.3044
0.01712	0.005 13.3302
0.01713	0.005 13.356
0.01714	0.005 13.3819
0.01715	0.005 13.4077
0.01716	0.005 13.4335
0.01717	0.005 13.4594
0.01718	0.005 13.4853
0.01719	0.005 13.5111
0.0172	0.005 13.537
0.01721	0.005 13.5629
0.01722	0.005 13.5888
0.01723	0.005 13.6147
0.01724	0.005 13.6406
0.01725	0.005 13.6666
0.01726	0.005 13.6925
0.01727	0.005 13.7184
0.01728	0.005 13.7444
0.01729	0.005 13.7703
0.0173	0.005 13.7963
0.01731	0.005 13.8223
0.01732	0.005 13.8482
0.01733	0.005 13.8742
0.01734	0.005 13.9002
0.01735	0.005 13.9262
0.01736	0.005 13.9522
0.01737	0.005 13.9782
0.01738	0.005 14.0043
0.01739	0.005 14.0303
0.0174	0.005 14.0563
0.01741	0.005 14.0824
0.01742	0.005 14.1084
0.01743	0.005 14.1345
0.01744	0.005 14.1606
0.01745	0.005 14.1866
0.01746	0.005 14.2127
0.01747	0.005 14.2388
0.01748	0.005 14.2649
0.01749	0.005 14.291
0.0175	0.005 14.3171
0.01751	0.005 14.3432
0.01752	0.005 14.3693
0.01753	0.005 14.3955
0.01754	0.005 14.4216
0.01755	0.005 14.4478
0.01756	0.005 14.4739
0.01757	0.005 14.5001
0.01758	0.005 14.5262
0.01759	0.005 14.5524
0.0176	0.005 14.5786
0.01761	0.005 14.6048
0.01762	0.005 14.6309
0.01763	0.005 14.6571
0.01764	0.005 14.6833
0.01765	0.005 14.7096
0.01766	0.005 14.7358
0.01767	0.005 14.762
0.01768	0.005 14.7882
0.01769	0.005 14.8145
0.0177	0.005 14.8407
0.01771	0.005 14.8669
0.01772	0.005 14.8932
0.01773	0.005 14.9194
0.01774	0.005 14.9457
0.01775	0.005 14.972
0.01776	0.005 14.9983
0.01777	0.005 15.0245
0.01778	0.005 15.0508
0.01779	0.005 15.0771
0.0178	0.005 15.1034
0.01781	0.005 15.1297
0.01782	0.005 15.156
0.01783	0.005 15.1824
0.01784	0.005 15.2087
0.01785	0.005 15.235
0.01786	0.005 15.2613
0.01787	0.005 15.2877
0.01788	0.005 15.314
0.01789	0.005 15.3404
0.0179	0.005 15.3667
0.01791	0.005 15.3931
0.01792	0.005 15.4195
0.01793	0.005 15.4458
0.01794	0.005 15.4722
0.01795	0.005 15.4986
0.01796	0.005 15.525
0.01797	0.005 15.5514
0.01798	0.005 15.5778
0.01799	0.005 15.6042
0.018	0.005 15.6306
0.01801	0.005 15.657
0.01802	0.005 15.6834
0.01803	0.005 15.7098
0.01804	0.005 15.7362
0.01805	0.005 15.7627
0.01806	0.005 15.7891
0.01807	0.005 15.8156
0.01808	0.005 15.842
0.01809	0.005 15.8685
0.0181	0.005 15.8949
0.01811	0.005 15.9214
0.01812	0.005 15.9478
0.01813	0.005 15.9743
0.01814	0.005 16.0008
0.01815	0.005 16.0273
0.01816	0.005 16.0538
0.01817	0.005 16.0802
0.01818	0.005 16.1067
0.01819	0.005 16.1332
0.0182	0.005 16.1597
0.01821	0.005 16.1862
0.01822	0.005 16.2128
0.01823	0.005 16.2393
0.01824	0.005 16.2658
0.01825	0.005 16.2923
0.01826	0.005 16.3188
0.01827	0.005 16.3454
0.01828	0.005 16.3719
0.01829	0.005 16.3985
0.0183	0.005 16.425
0.01831	0.005 16.4516
0.01832	0.005 16.4781
0.01833	0.005 16.5047
0.01834	0.005 16.5312
0.01835	0.005 16.5578
0.01836	0.005 16.5844
0.01837	0.005 16.6109
0.01838	0.005 16.6375
0.01839	0.005 16.6641
0.0184	0.005 16.6907
0.01841	0.005 16.7173
0.01842	0.005 16.7439
0.01843	0.005 16.7705
0.01844	0.005 16.7971
0.01845	0.005 16.8237
0.01846	0.005 16.8503
0.01847	0.005 16.8769
0.01848	0.005 16.9035
0.01849	0.005 16.9301
0.0185	0.005 16.9567
0.01851	0.005 16.9834
0.01852	0.005 17.01
0.01853	0.005 17.0366
0.01854	0.005 17.0633
0.01855	0.005 17.0899
0.01856	0.005 17.1165
0.01857	0.005 17.1432
0.01858	0.005 17.1698
0.01859	0.005 17.1965
0.0186	0.005 17.2231
0.01861	0.005 17.2498
0.01862	0.005 17.2765
0.01863	0.005 17.3031
0.01864	0.005 17.3298
0.01865	0.005 17.3565
0.01866	0.005 17.3831
0.01867	0.005 17.4098
0.01868	0.005 17.4365
0.01869	0.005 17.4632
0.0187	0.005 17.4899
0.01871	0.005 17.5166
0.01872	0.005 17.5433
0.01873	0.005 17.57
0.01874	0.005 17.5967
0.01875	0.005 17.6234
0.01876	0.005 17.6501
0.01877	0.005 17.6768
0.01878	0.005 17.7035
0.01879	0.005 17.7302
0.0188	0.005 17.7569
0.01881	0.005 17.7836
0.01882	0.005 17.8104
0.01883	0.005 17.8371
0.01884	0.005 17.8638
0.01885	0.005 17.8906
0.01886	0.005 17.9173
0.01887	0.005 17.944
0.01888	0.005 17.9708
0.01889	0.005 17.9975
0.0189	0.005 18.0242
0.01891	0.005 18.051
0.01892	0.005 18.0777
0.01893	0.005 18.1045
0.01894	0.005 18.1313
0.01895	0.005 18.158
0.01896	0.005 18.1848
0.01897	0.005 18.2115
0.01898	0.005 18.2383
0.01899	0.005 18.2651
0.019	0.005 18.2918
0.01901	0.005 18.3186
0.01902	0.005 18.3454
0.01903	0.005 18.3721
0.01904	0.005 18.3989
0.01905	0.005 18.4257
0.01906	0.005 18.4525
0.01907	0.005 18.4793
0.01908	0.005 18.5061
0.01909	0.005 18.5328
0.0191	0.005 18.5596
0.01911	0.005 18.5864
0.01912	0.005 18.6132
0.01913	0.005 18.64
0.01914	0.005 18.6668
0.01915	0.005 18.6936
0.01916	0.005 18.7204
0.01917	0.005 18.7472
0.01918	0.005 18.774
0.01919	0.005 18.8009
0.0192	0.005 18.8277
0.01921	0.005 18.8545
0.01922	0.005 18.8813
0.01923	0.005 18.9081
0.01924	0.005 18.9349
0.01925	0.005 18.9618
0.01926	0.005 18.9886
0.01927	0.005 19.0154
0.01928	0.005 19.0422
0.01929	0.005 19.0691
0.0193	0.005 19.0959
0.01931	0.005 19.1227
0.01932	0.005 19.1496
0.01933	0.005 19.1764
0.01934	0.005 19.2032
0.01935	0.005 19.2301
0.01936	0.005 19.2569
0.01937	0.005 19.2837
0.01938	0.005 19.3106
0.01939	0.005 19.3374
0.0194	0.005 19.3643
0.01941	0.005 19.3911
0.01942	0.005 19.418
0.01943	0.005 19.4448
0.01944	0.005 19.4717
0.01945	0.005 19.4985
0.01946	0.005 19.5254
0.01947	0.005 19.5523
0.01948	0.005 19.5791
0.01949	0.005 19.606
0.0195	0.005 19.6328
0.01951	0.005 19.6597
0.01952	0.005 19.6866
0.01953	0.005 19.7134
0.01954	0.005 19.7403
0.01955	0.005 19.7672
0.01956	0.005 19.794
0.01957	0.005 19.8209
0.01958	0.005 19.8478
0.01959	0.005 19.8747
0.0196	0.005 19.9015
0.01961	0.005 19.9284
0.01962	0.005 19.9553
0.01963	0.005 19.9822
0.01964	0.005 20.009
0.01965	0.005 20.0359
0.01966	0.005 20.0628
0.01967	0.005 20.0897
0.01968	0.005 20.1166
0.01969	0.005 20.1435
0.0197	0.005 20.1703
0.01971	0.005 20.1972
0.01972	0.005 20.2241
0.01973	0.005 20.251
0.01974	0.005 20.2779
0.01975	0.005 20.3048
0.01976	0.005 20.3317
0.01977	0.005 20.3586
0.01978	0.005 20.3855
0.01979	0.005 20.4124
0.0198	0.005 20.4393
0.01981	0.005 20.4662
0.01982	0.005 20.4931
0.01983	0.005 20.52
0.01984	0.005 20.5469
0.01985	0.005 20.5738
0.01986	0.005 20.6007
0.01987	0.005 20.6276
0.01988	0.005 20.6545
0.01989	0.005 20.6814
0.0199	0.005 20.7083
0.01991	0.005 20.7352
0.01992	0.005 20.7621
0.01993	0.005 20.789
0.01994	0.005 20.8159
0.01995	0.005 20.8428
0.01996	0.005 20.8697
0.01997	0.005 20.8966
0.01998	0.005 20.9235
0.01999	0.005 20.9505
0.02	0.005 20.9774
0.02001	0.005 21.0043
0.02002	0.005 21.0312
0.02003	0.005 21.0581
0.02004	0.005 21.085
0.02005	0.005 21.1119
0.02006	0.005 21.1389
0.02007	0.005 21.1658
0.02008	0.005 21.1927
0.02009	0.005 21.2196
0.0201	0.005 21.2465
0.02011	0.005 21.2734
0.02012	0.005 21.3004
0.02013	0.005 21.3273
0.02014	0.005 21.3542
0.02015	0.005 21.3811
0.02016	0.005 21.408
0.02017	0.005 21.435
0.02018	0.005 21.4619
0.02019	0.005 21.4888
0.0202	0.005 21.5157
0.02021	0.005 21.5427
0.02022	0.005 21.5696
0.02023	0.005 21.5965
0.02024	0.005 21.6234
0.02025	0.005 21.6503
0.02026	0.005 21.6773
0.02027	0.005 21.7042
0.02028	0.005 21.7311
0.02029	0.005 21.7581
0.0203	0.005 21.785
0.02031	0.005 21.8119
0.02032	0.005 21.8388
0.02033	0.005 21.8658
0.02034	0.005 21.8927
0.02035	0.005 21.9196
0.02036	0.005 21.9465
0.02037	0.005 21.9735
0.02038	0.005 22.0004
0.02039	0.005 22.0273
0.0204	0.005 22.0543
0.02041	0.005 22.0812
0.02042	0.005 22.1081
0.02043	0.005 22.135
0.02044	0.005 22.162
0.02045	0.005 22.1889
0.02046	0.005 22.2158
0.02047	0.005 22.2428
0.02048	0.005 22.2697
0.02049	0.005 22.2966
0.0205	0.005 22.3235
0.02051	0.005 22.3505
0.02052	0.005 22.3774
0.02053	0.005 22.4043
0.02054	0.005 22.4313
0.02055	0.005 22.4582
0.02056	0.005 22.4851
0.02057	0.005 22.5121
0.02058	0.005 22.539
0.02059	0.005 22.5659
0.0206	0.005 22.5928
0.02061	0.005 22.6198
0.02062	0.005 22.6467
0.02063	0.005 22.6736
0.02064	0.005 22.7006
0.02065	0.005 22.7275
0.02066	0.005 22.7544
0.02067	0.005 22.7814
0.02068	0.005 22.8083
0.02069	0.005 22.8352
0.0207	0.005 22.8621
0.02071	0.005 22.8891
0.02072	0.005 22.916
0.02073	0.005 22.9429
0.02074	0.005 22.9699
0.02075	0.005 22.9968
0.02076	0.005 23.0237
0.02077	0.005 23.0506
0.02078	0.005 23.0776
0.02079	0.005 23.1045
0.0208	0.005 23.1314
0.02081	0.005 23.1584
0.02082	0.005 23.1853
0.02083	0.005 23.2122
0.02084	0.005 23.2391
0.02085	0.005 23.2661
0.02086	0.005 23.293
0.02087	0.005 23.3199
0.02088	0.005 23.3468
0.02089	0.005 23.3738
0.0209	0.005 23.4007
0.02091	0.005 23.4276
0.02092	0.005 23.4545
0.02093	0.005 23.4815
0.02094	0.005 23.5084
0.02095	0.005 23.5353
0.02096	0.005 23.5622
0.02097	0.005 23.5892
0.02098	0.005 23.6161
0.02099	0.005 23.643
0.015	0.007 12.7534
0.01501	0.007 12.7745
0.01502	0.007 12.7957
0.01503	0.007 12.8169
0.01504	0.007 12.8381
0.01505	0.007 12.8593
0.01506	0.007 12.8806
0.01507	0.007 12.9018
0.01508	0.007 12.9231
0.01509	0.007 12.9443
0.0151	0.007 12.9656
0.01511	0.007 12.9869
0.01512	0.007 13.0082
0.01513	0.007 13.0295
0.01514	0.007 13.0508
0.01515	0.007 13.0721
0.01516	0.007 13.0934
0.01517	0.007 13.1148
0.01518	0.007 13.1361
0.01519	0.007 13.1575
0.0152	0.007 13.1789
0.01521	0.007 13.2002
0.01522	0.007 13.2216
0.01523	0.007 13.2431
0.01524	0.007 13.2645
0.01525	0.007 13.2859
0.01526	0.007 13.3073
0.01527	0.007 13.3288
0.01528	0.007 13.3502
0.01529	0.007 13.3717
0.0153	0.007 13.3932
0.01531	0.007 13.4147
0.01532	0.007 13.4362
0.01533	0.007 13.4577
0.01534	0.007 13.4792
0.01535	0.007 13.5007
0.01536	0.007 13.5223
0.01537	0.007 13.5438
0.01538	0.007 13.5654
0.01539	0.007 13.5869
0.0154	0.007 13.6085
0.01541	0.007 13.6301
0.01542	0.007 13.6517
0.01543	0.007 13.6733
0.01544	0.007 13.6949
0.01545	0.007 13.7165
0.01546	0.007 13.7382
0.01547	0.007 13.7598
0.01548	0.007 13.7815
0.01549	0.007 13.8032
0.0155	0.007 13.8248
0.01551	0.007 13.8465
0.01552	0.007 13.8682
0.01553	0.007 13.8899
0.01554	0.007 13.9116
0.01555	0.007 13.9334
0.01556	0.007 13.9551
0.01557	0.007 13.9768
0.01558	0.007 13.9986
0.01559	0.007 14.0203
0.0156	0.007 14.0421
0.01561	0.007 14.0639
0.01562	0.007 14.0857
0.01563	0.007 14.1075
0.01564	0.007 14.1293
0.01565	0.007 14.1511
0.01566	0.007 14.1729
0.01567	0.007 14.1948
0.01568	0.007 14.2166
0.01569	0.007 14.2385
0.0157	0.007 14.2604
0.01571	0.007 14.2822
0.01572	0.007 14.3041
0.01573	0.007 14.326
0.01574	0.007 14.3479
0.01575	0.007 14.3698
0.01576	0.007 14.3917
0.01577	0.007 14.4137
0.01578	0.007 14.4356
0.01579	0.007 14.4575
0.0158	0.007 14.4795
0.01581	0.007 14.5015
0.01582	0.007 14.5234
0.01583	0.007 14.5454
0.01584	0.007 14.5674
0.01585	0.007 14.5894
0.01586	0.007 14.6114
0.01587	0.007 14.6334
0.01588	0.007 14.6555
0.01589	0.007 14.6775
0.0159	0.007 14.6996
0.01591	0.007 14.7216
0.01592	0.007 14.7437
0.01593	0.007 14.7657
0.01594	0.007 14.7878
0.01595	0.007 14.8099
0.01596	0.007 14.832
0.01597	0.007 14.8541
0.01598	0.007 14.8762
0.01599	0.007 14.8984
0.016	0.007 14.9205
0.01601	0.007 14.9426
0.01602	0.007 14.9648
0.01603	0.007 14.9869
0.01604	0.007 15.0091
0.01605	0.007 15.0313
0.01606	0.007 15.0535
0.01607	0.007 15.0756
0.01608	0.007 15.0978
0.01609	0.007 15.1201
0.0161	0.007 15.1423
0.01611	0.007 15.1645
0.01612	0.007 15.1867
0.01613	0.007 15.209
0.01614	0.007 15.2312
0.01615	0.007 15.2535
0.01616	0.007 15.2757
0.01617	0.007 15.298
0.01618	0.007 15.3203
0.01619	0.007 15.3426
0.0162	0.007 15.3649
0.01621	0.007 15.3872
0.01622	0.007 15.4095
0.01623	0.007 15.4318
0.01624	0.007 15.4542
0.01625	0.007 15.4765
0.01626	0.007 15.4989
0.01627	0.007 15.5212
0.01628	0.007 15.5436
0.01629	0.007 15.5659
0.0163	0.007 15.5883
0.01631	0.007 15.6107
0.01632	0.007 15.6331
0.01633	0.007 15.6555
0.01634	0.007 15.6779
0.01635	0.007 15.7003
0.01636	0.007 15.7228
0.01637	0.007 15.7452
0.01638	0.007 15.7676
0.01639	0.007 15.7901
0.0164	0.007 15.8126
0.01641	0.007 15.835
0.01642	0.007 15.8575
0.01643	0.007 15.88
0.01644	0.007 15.9025
0.01645	0.007 15.925
0.01646	0.007 15.9475
0.01647	0.007 15.97
0.01648	0.007 15.9925
0.01649	0.007 16.015
0.0165	0.007 16.0376
0.01651	0.007 16.0601
0.01652	0.007 16.0826
0.01653	0.007 16.1052
0.01654	0.007 16.1278
0.01655	0.007 16.1503
0.01656	0.007 16.1729
0.01657	0.007 16.1955
0.01658	0.007 16.2181
0.01659	0.007 16.2407
0.0166	0.007 16.2633
0.01661	0.007 16.2859
0.01662	0.007 16.3086
0.01663	0.007 16.3312
0.01664	0.007 16.3538
0.01665	0.007 16.3765
0.01666	0.007 16.3991
0.01667	0.007 16.4218
0.01668	0.007 16.4445
0.01669	0.007 16.4671
0.0167	0.007 16.4898
0.01671	0.007 16.5125
0.01672	0.007 16.5352
0.01673	0.007 16.5579
0.01674	0.007 16.5806
0.01675	0.007 16.6033
0.01676	0.007 16.626
0.01677	0.007 16.6488
0.01678	0.007 16.6715
0.01679	0.007 16.6943
0.0168	0.007 16.717
0.01681	0.007 16.7398
0.01682	0.007 16.7625
0.01683	0.007 16.7853
0.01684	0.007 16.8081
0.01685	0.007 16.8309
0.01686	0.007 16.8537
0.01687	0.007 16.8765
0.01688	0.007 16.8993
0.01689	0.007 16.9221
0.0169	0.007 16.9449
0.01691	0.007 16.9678
0.01692	0.007 16.9906
0.01693	0.007 17.0134
0.01694	0.007 17.0363
0.01695	0.007 17.0591
0.01696	0.007 17.082
0.01697	0.007 17.1049
0.01698	0.007 17.1277
0.01699	0.007 17.1506
0.017	0.007 17.1735
0.01701	0.007 17.1964
0.01702	0.007 17.2193
0.01703	0.007 17.2422
0.01704	0.007 17.2651
0.01705	0.007 17.2881
0.01706	0.007 17.311
0.01707	0.007 17.3339
0.01708	0.007 17.3569
0.01709	0.007 17.3798
0.0171	0.007 17.4028
0.01711	0.007 17.4257
0.01712	0.007 17.4487
0.01713	0.007 17.4717
0.01714	0.007 17.4947
0.01715	0.007 17.5176
0.01716	0.007 17.5406
0.01717	0.007 17.5636
0.01718	0.007 17.5866
0.01719	0.007 17.6097
0.0172	0.007 17.6327
0.01721	0.007 17.6557
0.01722	0.007 17.6787
0.01723	0.007 17.7018
0.01724	0.007 17.7248
0.01725	0.007 17.7479
0.01726	0.007 17.7709
0.01727	0.007 17.794
0.01728	0.007 17.817
0.01729	0.007 17.8401
0.0173	0.007 17.8632
0.01731	0.007 17.8863
0.01732	0.007 17.9094
0.01733	0.007 17.9325
0.01734	0.007 17.9556
0.01735	0.007 17.9787
0.01736	0.007 18.0018
0.01737	0.007 18.0249
0.01738	0.007 18.0481
0.01739	0.007 18.0712
0.0174	0.007 18.0943
0.01741	0.007 18.1175
0.01742	0.007 18.1406
0.01743	0.007 18.1638
0.01744	0.007 18.187
0.01745	0.007 18.2101
0.01746	0.007 18.2333
0.01747	0.007 18.2565
0.01748	0.007 18.2797
0.01749	0.007 18.3029
0.0175	0.007 18.3261
0.01751	0.007 18.3493
0.01752	0.007 18.3725
0.01753	0.007 18.3957
0.01754	0.007 18.4189
0.01755	0.007 18.4422
0.01756	0.007 18.4654
0.01757	0.007 18.4886
0.01758	0.007 18.5119
0.01759	0.007 18.5351
0.0176	0.007 18.5584
0.01761	0.007 18.5817
0.01762	0.007 18.6049
0.01763	0.007 18.6282
0.01764	0.007 18.6515
0.01765	0.007 18.6748
0.01766	0.007 18.6981
0.01767	0.007 18.7214
0.01768	0.007 18.7447
0.01769	0.007 18.768
0.0177	0.007 18.7913
0.01771	0.007 18.8146
0.01772	0.007 18.8379
0.01773	0.007 18.8613
0.01774	0.007 18.8846
0.01775	0.007 18.9079
0.01776	0.007 18.9313
0.01777	0.007 18.9546
0.01778	0.007 18.978
0.01779	0.007 19.0013
0.0178	0.007 19.0247
0.01781	0.007 19.0481
0.01782	0.007 19.0715
0.01783	0.007 19.0948
0.01784	0.007 19.1182
0.01785	0.007 19.1416
0.01786	0.007 19.165
0.01787	0.007 19.1884
0.01788	0.007 19.2118
0.01789	0.007 19.2353
0.0179	0.007 19.2587
0.01791	0.007 19.2821
0.01792	0.007 19.3055
0.01793	0.007 19.329
0.01794	0.007 19.3524
0.01795	0.007 19.3759
0.01796	0.007 19.3993
0.01797	0.007 19.4228
0.01798	0.007 19.4462
0.01799	0.007 19.4697
0.018	0.007 19.4932
0.01801	0.007 19.5167
0.01802	0.007 19.5401
0.01803	0.007 19.5636
0.01804	0.007 19.5871
0.01805	0.007 19.6106
0.01806	0.007 19.6341
0.01807	0.007 19.6576
0.01808	0.007 19.6811
0.01809	0.007 19.7047
0.0181	0.007 19.7282
0.01811	0.007 19.7517
0.01812	0.007 19.7752
0.01813	0.007 19.7988
0.01814	0.007 19.8223
0.01815	0.007 19.8459
0.01816	0.007 19.8694
0.01817	0.007 19.893
0.01818	0.007 19.9165
0.01819	0.007 19.9401
0.0182	0.007 19.9637
0.01821	0.007 19.9872
0.01822	0.007 20.0108
0.01823	0.007 20.0344
0.01824	0.007 20.058
0.01825	0.007 20.0816
0.01826	0.007 20.1052
0.01827	0.007 20.1288
0.01828	0.007 20.1524
0.01829	0.007 20.176
0.0183	0.007 20.1996
0.01831	0.007 20.2233
0.01832	0.007 20.2469
0.01833	0.007 20.2705
0.01834	0.007 20.2942
0.01835	0.007 20.3178
0.01836	0.007 20.3414
0.01837	0.007 20.3651
0.01838	0.007 20.3888
0.01839	0.007 20.4124
0.0184	0.007 20.4361
0.01841	0.007 20.4597
0.01842	0.007 20.4834
0.01843	0.007 20.5071
0.01844	0.007 20.5308
0.01845	0.007 20.5545
0.01846	0.007 20.5782
0.01847	0.007 20.6019
0.01848	0.007 20.6256
0.01849	0.007 20.6493
0.0185	0.007 20.673
0.01851	0.007 20.6967
0.01852	0.007 20.7204
0.01853	0.007 20.7441
0.01854	0.007 20.7679
0.01855	0.007 20.7916
0.01856	0.007 20.8153
0.01857	0.007 20.8391
0.01858	0.007 20.8628
0.01859	0.007 20.8866
0.0186	0.007 20.9103
0.01861	0.007 20.9341
0.01862	0.007 20.9578
0.01863	0.007 20.9816
0.01864	0.007 21.0054
0.01865	0.007 21.0291
0.01866	0.007 21.0529
0.01867	0.007 21.0767
0.01868	0.007 21.1005
0.01869	0.007 21.1243
0.0187	0.007 21.1481
0.01871	0.007 21.1719
0.01872	0.007 21.1957
0.01873	0.007 21.2195
0.01874	0.007 21.2433
0.01875	0.007 21.2671
0.01876	0.007 21.2909
0.01877	0.007 21.3148
0.01878	0.007 21.3386
0.01879	0.007 21.3624
0.0188	0.007 21.3863
0.01881	0.007 21.4101
0.01882	0.007 21.4339
0.01883	0.007 21.4578
0.01884	0.007 21.4816
0.01885	0.007 21.5055
0.01886	0.007 21.5294
0.01887	0.007 21.5532
0.01888	0.007 21.5771
0.01889	0.007 21.601
0.0189	0.007 21.6248
0.01891	0.007 21.6487
0.01892	0.007 21.6726
0.01893	0.007 21.6965
0.01894	0.007 21.7204
0.01895	0.007 21.7443
0.01896	0.007 21.7682
0.01897	0.007 21.7921
0.01898	0.007 21.816
0.01899	0.007 21.8399
0.019	0.007 21.8638
0.01901	0.007 21.8877
0.01902	0.007 21.9117
0.01903	0.007 21.9356
0.01904	0.007 21.9595
0.01905	0.007 21.9835
0.01906	0.007 22.0074
0.01907	0.007 22.0313
0.01908	0.007 22.0553
0.01909	0.007 22.0792
0.0191	0.007 22.1032
0.01911	0.007 22.1272
0.01912	0.007 22.1511
0.01913	0.007 22.1751
0.01914	0.007 22.199
0.01915	0.007 22.223
0.01916	0.007 22.247
0.01917	0.007 22.271
0.01918	0.007 22.295
0.01919	0.007 22.3189
0.0192	0.007 22.3429
0.01921	0.007 22.3669
0.01922	0.007 22.3909
0.01923	0.007 22.4149
0.01924	0.007 22.4389
0.01925	0.007 22.4629
0.01926	0.007 22.487
0.01927	0.007 22.511
0.01928	0.007 22.535
0.01929	0.007 22.559
0.0193	0.007 22.583
0.01931	0.007 22.6071
0.01932	0.007 22.6311
0.01933	0.007 22.6551
0.01934	0.007 22.6792
0.01935	0.007 22.7032
0.01936	0.007 22.7273
0.01937	0.007 22.7513
0.01938	0.007 22.7754
0.01939	0.007 22.7994
0.0194	0.007 22.8235
0.01941	0.007 22.8476
0.01942	0.007 22.8716
0.01943	0.007 22.8957
0.01944	0.007 22.9198
0.01945	0.007 22.9439
0.01946	0.007 22.9679
0.01947	0.007 22.992
0.01948	0.007 23.0161
0.01949	0.007 23.0402
0.0195	0.007 23.0643
0.01951	0.007 23.0884
0.01952	0.007 23.1125
0.01953	0.007 23.1366
0.01954	0.007 23.1607
0.01955	0.007 23.1848
0.01956	0.007 23.2089
0.01957	0.007 23.233
0.01958	0.007 23.2572
0.01959	0.007 23.2813
0.0196	0.007 23.3054
0.01961	0.007 23.3296
0.01962	0.007 23.3537
0.01963	0.007 23.3778
0.01964	0.007 23.402
0.01965	0.007 23.4261
0.01966	0.007 23.4503
0.01967	0.007 23.4744
0.01968	0.007 23.4986
0.01969	0.007 23.5227
0.0197	0.007 23.5469
0.01971	0.007 23.571
0.01972	0.007 23.5952
0.01973	0.007 23.6194
0.01974	0.007 23.6435
0.01975	0.007 23.6677
0.01976	0.007 23.6919
0.01977	0.007 23.7161
0.01978	0.007 23.7403
0.01979	0.007 23.7645
0.0198	0.007 23.7886
0.01981	0.007 23.8128
0.01982	0.007 23.837
0.01983	0.007 23.8612
0.01984	0.007 23.8854
0.01985	0.007 23.9096
0.01986	0.007 23.9339
0.01987	0.007 23.9581
0.01988	0.007 23.9823
0.01989	0.007 24.0065
0.0199	0.007 24.0307
0.01991	0.007 24.0549
0.01992	0.007 24.0792
0.01993	0.007 24.1034
0.01994	0.007 24.1276
0.01995	0.007 24.1519
0.01996	0.007 24.1761
0.01997	0.007 24.2004
0.01998	0.007 24.2246
0.01999	0.007 24.2488
0.02	0.007 24.2731
0.02001	0.007 24.2973
0.02002	0.007 24.3216
0.02003	0.007 24.3459
0.02004	0.007 24.3701
0.02005	0.007 24.3944
0.02006	0.007 24.4187
0.02007	0.007 24.4429
0.02008	0.007 24.4672
0.02009	0.007 24.4915
0.0201	0.007 24.5158
0.02011	0.007 24.54
0.02012	0.007 24.5643
0.02013	0.007 24.5886
0.02014	0.007 24.6129
0.02015	0.007 24.6372
0.02016	0.007 24.6615
0.02017	0.007 24.6858
0.02018	0.007 24.7101
0.02019	0.007 24.7344
0.0202	0.007 24.7587
0.02021	0.007 24.783
0.02022	0.007 24.8073
0.02023	0.007 24.8316
0.02024	0.007 24.8559
0.02025	0.007 24.8803
0.02026	0.007 24.9046
0.02027	0.007 24.9289
0.02028	0.007 24.9532
0.02029	0.007 24.9776
0.0203	0.007 25.0019
0.02031	0.007 25.0262
0.02032	0.007 25.0506
0.02033	0.007 25.0749
0.02034	0.007 25.0993
0.02035	0.007 25.1236
0.02036	0.007 25.148
0.02037	0.007 25.1723
0.02038	0.007 25.1967
0.02039	0.007 25.221
0.0204	0.007 25.2454
0.02041	0.007 25.2697
0.02042	0.007 25.2941
0.02043	0.007 25.3185
0.02044	0.007 25.3428
0.02045	0.007 25.3672
0.02046	0.007 25.3916
0.02047	0.007 25.416
0.02048	0.007 25.4403
0.02049	0.007 25.4647
0.0205	0.007 25.4891
0.02051	0.007 25.5135
0.02052	0.007 25.5379
0.02053	0.007 25.5623
0.02054	0.007 25.5867
0.02055	0.007 25.6111
0.02056	0.007 25.6355
0.02057	0.007 25.6599
0.02058	0.007 25.6843
0.02059	0.007 25.7087
0.0206	0.007 25.7331
0.02061	0.007 25.7575
0.02062	0.007 25.7819
0.02063	0.007 25.8063
0.02064	0.007 25.8307
0.02065	0.007 25.8552
0.02066	0.007 25.8796
0.02067	0.007 25.904
0.02068	0.007 25.9284
0.02069	0.007 25.9529
0.0207	0.007 25.9773
0.02071	0.007 26.0017
0.02072	0.007 26.0262
0.02073	0.007 26.0506
0.02074	0.007 26.0751
0.02075	0.007 26.0995
0.02076	0.007 26.124
0.02077	0.007 26.1484
0.02078	0.007 26.1729
0.02079	0.007 26.1973
0.0208	0.007 26.2218
0.02081	0.007 26.2462
0.02082	0.007 26.2707
0.02083	0.007 26.2951
0.02084	0.007 26.3196
0.02085	0.007 26.3441
0.02086	0.007 26.3685
0.02087	0.007 26.393
0.02088	0.007 26.4175
0.02089	0.007 26.442
0.0209	0.007 26.4664
0.02091	0.007 26.4909
0.02092	0.007 26.5154
0.02093	0.007 26.5399
0.02094	0.007 26.5644
0.02095	0.007 26.5889
0.02096	0.007 26.6134
0.02097	0.007 26.6379
0.02098	0.007 26.6623
0.02099	0.007 26.6868
